8666 3759 7701 2446 3560 2329 5758 2856 0369 6214 4857 5046 4259 9521 1630 9264 8680 3253 9795 1254
4447 3170 5870 3993 2237 7956 5826 3871 4513 6899 2679 9789 8094 7803 0968 7314 7851 3988 9162 5059
5362 3836 5109 7229 3721 7616 2841 4462 1174 4063 1275 4940 1769 3556 6649 9127 0766 5646 0895 4408
6233 6135 7565 0416 5924 2968 5448 1910 0319 0784 7497 3677 8543 1121 9379 1120 3755 9003 7563 0960
8565 6923 1648 8794 9057 4057 9393 4102 8061 1996 5814 8764 4486 8208 9588 2157 5696 5001 1037 4410
4215 4847 5976 9605 8350 2591 8859 2331 8721 1283 6780 4282 9155 1148 3177 2406 0897 0574 6349 6479
3686 3888 3265 1922 5892 3172 3579 3167 8584 0391 2242 3988 5212 1726 1648 3766 9369 8127 5870 2918
8046 4859 0215 6433 6676 8063 9052 1774 5365 8236 3694 6298 2707 8901 9926 9776 4782 3749 1763 9593
2125 7032 3934 9774 6680 0125 0709 0129 0075 1768 2738 8456 4627 0805 6772 7050 5267 7931 5390 4520
5575 7384 5101 5338 3792 0360 1616 2478 7854 9450 0460 2971 1426 7407 9600 2307 7478 4139 8321 1226
7677 3009 3169 7621 5750 1223 7479 7041 6940 9371 5735 7587 3697 2053 7798 8888 9806 4878 0902 0251
1329 3185 9261 0114 2898 4257 2096 7486 2227 7993 0926 6172 3969 0599 6132 4272 6487 2103 0921 4725
1557 1288 8066 7451 7503 0963 1140 0018 0909 2417 7241 1729 0611 0370 2732 5509 0469 8753 6896 3037
4103 3276 1053 1181 5670 8843 2230 2025 5615 8691 1183 4481 9292 7291 4294 2821 9391 1005 7665 6339
0141 8823 9603 4785 2446 0539 4589 6211 4307 1177 7847 7453 0113 8675 4643 2581 5774 6399 2577 1343
4013 3344 8288 7883 5613 2623 2262 9841 7925 3225 6668 9277 1531 0890 1595 9863 9578 1462 4398 9229
2041 4086 5420 1462 8882 2218 0859 2337 1993 7575 0179 9105 5581 5891 1142 7351 8740 3579 0256 9807
1863 1314 0258 5840 0688 3892 9089 5803 7913 5747 6757 1426 2480 7994 7459 1972 0937 6002 4396 6063
3602 6131 3809 0696 0640 6499 2962 2287 9627 9433 3995 9359 6691 2589 1922 2879 7892 1647 0352 8175
6166 9958 2994 1902 1837 9542 2440 8534 1485 3439 0303 3544 0789 1576 4383 4579 1844 1032 9226 7718
